0 7124734331854132677398756076989614277391681153847564498837365235004807891948591288689567301041633553491572803001340292705925086056275512886477594912986856264453148465566775568437242365709302338731056013527176843203292653382632630979263782415263028247630683765101433454363435400134371876259425255004968 742886098040138932177958871050562349742865995438 420021171026489854034720647402985926087047815471 765339491797155494350249501888345218693846834616
1 9672039178592504957591516585573099840758243560362645151996498602323327086576473153625875485008984149818197134978355775677142017275046233494037274908893297058702488862506960722099458246110812563742610503121286841546743143479653590851503851732065947876678416757375366577583915058917299520737111027009106 380329071823156293702442892151700660462765340188 596190953274713857319974260306520716784555420305 751888933019530351067086303774131405640745255930
2 0896014023624815378144211654564555738118235021224257351073450568613285211992726888623355639831813637303310668671771206057141614292864053954313519101582293503312288098887542850788937882716770115753470711394034887126868577802896704724386286952408574954434476928775818217352810176273462537131008564725459 634766728512352085299408107119784022409431486276 274730953807038470889169378166282437721208226751 787009152572113404493339187915667693477196878173
3 9171787721365874910012036633010116228491524647816569896148359405809404142644031092656440127773781552878635104553607198792298491785685907021268045607166232177734655435666609288109401564597924817634571836749148262924595091711145950655967558974012310608619951082101298509429664343026296388444003674983532 402258374483885129068872303622350744111951154090 693321427014388156716699249868901977453737009133 786611679483771298543083809543223907144506644398
4 3677833264990386507699880081565063546686480422350577684721883552403548010871168521208681421100884351432324760079468198458374271416881460333249679988886456562195257360689770485398420213044540571304535910933608710913993888078417054086370325451923004715530192670858530859099596548600623132531354443099599 410608385975974248262458688347511505029482985 293794479402689342525118657493583742279149921644 735376403442607760437735551483507317559879757950
5 2768702582450233800511786419224441603546340586135289487558004651167683382054601977904409402381684105742659376442651014602841926576751577576729719779106611306872086709497045438021030869210365001339592243370272358931411293055668278798116050778263964871615596126092014567460534890378617319415005351899845 618350015600740454440007361026869754481865877635 479281893704996253747020791351747900723528765707 732220152220802409946192479157605705012435656891
6 9093782567533882376384488486375570523724653894228982631045944290176201225693310944415604715191207061707391705125870262604571401024767609319877667686250928603874433650630022178691168054990280888251005563771306917073662008342890131624533120037042094530034640179895882699144574506876355198141215205940808 16411015293807037364747168488406141991991613486 787678754296473724679284537271097438393812441625 784469415817890580763560885744866677093019299027
7 5657319467870393542984293288826160253385922948481686069838160284075265859431187475448714059219842067163621611435539820260496216491630438162475824563442214399272587964493912981563453005205291143538609419630696891181456396129473974071187877393348220289293627000567182838958627224015521969212223614205751 217967363044785737681321406302620243210389652092 630754452308978209180011741445856179748179363635 784262371122102402892976489758866842521241226690
8 4003567036919905956888875879748330000868838978523097701210122325043474720930666120612554208867968532681139348125170892731863319249817838716125667089114479158664053661737210668310214190374754334226796781485485104480976433221023005760811806620908619229043907454699596460044865563082313159556314577601947 613645990355523412300286155476535325984055639268 518885295725236827191619058448725851727680971520 750467963311744689380921373027676416755446419547
9 6521385499736472785395691659372560980072619134863130445886166160924624967748637212806629675035832694659588331899074935567235537236018859676527839287829149363138882808830660049606055906448669826759573440472197211687149856060690834795889843383448775221551287122601103071041774828687739985906914908069771 50921034159286358139525167573042699600067735749 481365947656945529575047314979284883203037874327 766422666761323235322150296771956017112495717917
10 1893755992406429636370936760948423289101358711620898721110091231167455611869585468161529829641776387340378641229431215004474019183169098812048297964956557934145582229362774642346394229670965442452639623177179932499818223403486776560261523381311525666601249443227746807769204005557977720920334957224737 282889346211484241975772420400850283023837495722 360353155924216876055296933893549445739483050620 776246145177769214842706086609523297235284183631
11 6423475161505924143006303966533888901879799991612269565787977421633434264121595152925567148582526531197261566647281435941093399543140858081084754339790831139945229655937204386171758418675108381086239367173617237622400266922654656354111324858556895444859962712595044699849023478283659922707345328797238 692024698187149743294144359326688932539545820304 5841130674428985090539881137807934369507894117 781826170584369250066914838403890444886572577603
12 7819635888603416592514283491135592573974732233636394497531821950228465859024017951434796521370795479192007032023852995715241580700519765603246303925260711558918279408210634283270134988450607151935588980890570159447012286433018604768510932505305959411063075513445417469584127134805644926894541376222240 403805587431103664783956385129596842243511992665 497569973083540042224652911400691219694898043681 781530596672816595011110750200236655862288369602
13 8479025162549757989751254682503611301810917178940164415392985561452963013639121161849791032172378421597009424808470084622634012301867286727057232360891681050206995728469545764059513281603861076647057136886986240232509420709475798552462987870582981860075272845440195152968544565958910024069037042510872 251730670976728199990668671173699120400770151840 743614620698615525139249539054960519881507478106 750802776606883646207300442999915767849884773636
14 3153075718653507364177240652275166206266320850281002577487354884246173988706010991242043425755943365717935785323040242755069772036571198647796323087656552109794913997794318143480838129243519549256763485883669558420737145598298575558708514603017077966651360923770575998247035984774830311576643526614959 321464416848917204851834977041686318515785944437 43130518660820136594952499410226845392322992085 735224384904133728960493652050044150509590108881
15 0668895726185299730346516941301486412224518334459989543303689560626376242664890301953888489829623492499640741438736676988823002413448478026770124870109246033195238897667203234166372931819258185060010904934218700687332951430367933735653327138828052847428157898913759556837857964422630008349054516283326 669754654016685581483033320658099220383051947351 720504383300219390279449832025986591954796662713 757598118205255662768689681382912089483595916301
16 5338529557287567782495368160397015891601035587726844723704868867167729399014500849431312488169787442637385192860137716801817642480133647642155801239998454636946000942877087122082216157055693577672263760403606159959555887631588308386186746665109476935671615850711597629090000352035399555784100401432337 591092195423950305085609721583389747580012182024 95338072258476639285694623394468006779832856828 739909406646299577647760952195658990656221130130
17 2375200579188363046192976080645916711264381651775339282115672931640138232431660121371151019886805923678694829418704079826746248435653455619912464285987807537656029580690228035529653817972246107267632687418939181883203719597494746563373120492080776774192495244273947816717806868882856923027715863617954 498241048568063408102250527809826294866695055048 446222825831888399219126710457503062461036489903 737088140910465091861996044452024832386302612528
18 1294706644641979098609546225400865851219164957912886317355429658027118995383328284415570025730158579098490994431583362003151395122885445721843499087542728932001205918868493491206636927017755456265450411596997016919296566474365080907737023594289090668527460748199152911882834078274392347843727344801216 63931926978109056405203124209100109224044346062 622289223123263419009421807979115280430850784401 750154150214693623578490913334929961814988119090
19 6044573760555330211134015190050008434394197127176385314133495379551095389735803802604148630523466239643509863935605868128108391182228360619969143735640547914807259989962702932772997389278490863407726535706824948133053663874139397684233500052646492204054940449439159381673850547495679982434752229061106 117340304405955854014621653117328721073128196749 339831303139947993577609028290203452941267263712 791202374024650231131802047413381248853817130960
20 1776178263058870072222752573375459914760613759359639696968130171528815585006779494601549242008403558757514004580828181210407265448930030058178771622672794240369328959355218294356416783301050520683604321375877949831264789393465787908833883266085330716512558053546003303052745119242006732509349731418688 214566014108749220271763219709289413907548143715 228931637758190561942961624994468256200398894743 760556872638065649688862792105244934895933536803
21 0209090227047379785905237670510520985991178143088586542476558590390170951007741777108117339715968491925711403552028098108168321056861822549257128641119157607926769028745013533773778564473328375806301289083212200664043630451099712007736953965553267427830809361638458875991548139047716056964746876942306 690361984161135283802742108493400944912288413649 338825587974310721309565815590628680915562722299 749054083546128229783532418068295300456650347640
22 5226581094694640258654963643727654465403378549218112816188029645582614377936628389088733668203114347198819287205203385614753689010604258829258985479807417600748916454622970931959151069765931205832688238814217771003679661136300545293600257694221430401279907586025785173541881948867440198892531318952008 335486709996647645445148536547118371141073382500 593364655049940207493419545301411803014573470079 771336441234968075433559127234269469804434792590
23 8752222296541649203151171106390180559820630996167582439221994867923803351277597443686020900009884562313939475766710980809503465105804502322497765890428272418325983906204955758316912042414815282151526199576158496614277681657668054856531920404868780911885059999082793125967977781489043810711484058310160 503993309024703253972771966500004532708531138081 191724940875891044095604878324505046638880650642 783330638403452304740926733922360624480842507518
24 6738000853396677477822957434942331539932997852885944997649595032197558506164864112686263599357032768432408670056899863789759723424049072354566126102264833647840021507677223808412084047535570286162669684687482152921750874855907201432113684021940464411333319319473421528821679322400161268770932251197715 465672597235889795063625269405209787338224135607 370974287480118785916694510443164348992941495606 763609951488745712458646410221113730381499086351
25 2139284899877869454738066981494364329073534963186507679334141480417656006748393546747089356901247097066403005136240904895441004745637165611759010822635692678087616763803324116043427897431905602796084844223930058996502582325832279454001430558353287847196291454877623733131525884644742819617634315706880 759102654493053410663760696621746404309333737327 65601104509247911648969537338095332381234417941 743443709007286312384688066893577271258299768076
26 8228762012960131430327811482172008313066776932985656510471029073381281435231648976676170868850761566430996587137979692250571112160403425064663402061008617880036274526667740390928709200307160998337431013018849942342619216892083285607468532843297426120106058963394598670370793109767836756981354047456966 768252538012870229026314017594995598704002745433 772363722127726248155393546654342934887434145736 761415267266467639223447563535658261838895077345
27 5453760431999599146452443401068970346299473865565029828814526195649292238239649900910856898962941228029651114000381394735391892015844483265572716279524317885591837466478970497577674768182211796780180858418622552036718548582576315951215172078803869839500396988873604066892806953005207689717608235140933 372360004992413696213047417203711134619585734380 576135849067924435564651278039952091358230327957 774308273008537123612856883663756128563562489330
28 2601074549883722841921499304368750890609291977155212431140134275700193917912690417452495804940112098011430137249097382339260285083908243367998012134600010853659320329259369506066191081094170486356461689805818341379343279645567814074288368205373011235541014986186482321937045341731731438799371404113628 712960756420875110639167801768652748993164027447 403361003271671929997374625365337956048341754963 732467623249759463564765312277728749463566453977
29 5524889356193634665824475311967325178508263084975516135620172976757386594180871631945887621862862027212598299532677102349899212452733055853274664288491713743038204122569877119230591569578186490919100999219173025683986125431352331160280214938178647423143837202533850900681079810906054415146316550415835 158443911353668359486576221554488819427968706319 227606138656452031248639164753090109764027276742 785712539549028041157582764901936970248408797784
30 0891183835532703938200144649257335515213159300697322846064303732912226792524660559418945037539182088132859992852411997804832514725101420855264407541136525232427750967690170928605068333209351598819983984845773459486074600168106834161723825735988513975202895313909338738894088623528739304701270978451306 578428649933134408245173499417516306903848053290 124005179184214095198165667888788150827611014425 742783549533864066126438947506864088106587570077
31 8699774312143639008556533998300201252808864020158317301596190984913039442353172648778918865146921590633113314568584365185504320944594755687720691899825524942430589630854878591171860293821911857625931059114113829217155151515357777691465062180623679930226397059313560564672613569856030255188181956774731 33590814687025144138818907593819532160382995742 275840315001147177698666548617435721013594655517 741919997524225937466682209785636098444556043578
32 9192907947616579168856921866410805298847557560789181321927505420590181642641447858815461428866477415478915618676357574405715908051404360221531554705490944171340876453875155191132345742140384960537784781913069774687834992163389987304507588271026807945115147493721892291172510187448694219626854760222825 6416401905637841386478114118952480553743215416 565101780765757310241428868606721610162507003042 777654164048907532037012410995254432604380508397
33 7658994505129044372970268245373702472056357102049122938622442211138819902303549083546975015395537160900390626848933474717298296483621351989591624239577711902447718948650536586830437767546940522843836744483028097098428396766607591823829167603281496093183795702218579906535853351277405464185712597714024 471999315826105044339083354987858335204204934586 33213795644542369502860058567483204048103468882 792816616015309573018406523640016378970780875141
34 2049394057536527723287824326365961564357669658056238693633870682308473678550150940824272081145820524848470981143384938872975978984721556603812267506905105768109416506315748570990453245487602067289499841558158403882759933299879813707882777989448226849883086023900359595227035470374473200281166305886456 615782446102407240502600449199381975301120076108 232790219590173406323657154473966238726452901610 752151863951138788344503267329974694815720468581
35 3467944548678929145691691370622228220103149428822446550408320883559494905102498543933835243686355374721529893021720088055710334099039411164135678913403265495710043016552133256314770750716573908651439780336124058755942185054074691826349258388209958682510308239740859721237563930897638813016454132328156 75390301181258966948753535534024180160824699227 645067551453404477299585015519292358422780640405 747608381725896700243709310104234382875101263184
36 1469336888158531842346255273788830886458329949441419505801654607564348687019806715475907741151428142779567151017889438044416675497491716458075082221160567628782433666061272211943460968891218296130067007981524575683429574644582869385902659073265916468082178511892595650099390125726858189882100577278288 760643221556911602894964685244488647354377074418 455706994284844775636853626893695109793709704190 757837510154796287382148636547032354085130779057
37 2933165681235687258803319072481535482702122610439082834489661149392091195956592305940975398002558736234734377133348503384309457461545525308137595379238981278089355790644176369196350211221263030795781891996009035340762019269203658181408886528576164049312433766922257281920697882201498806726120078102120 40834022506177663460869044494362075288325980010 510029385133393170548106134115445934478499836541 731820122158620109036850695372650325161695869104
38 9234031288293387984809631335013225850993100720988678849759738401658473801981235656196596333106045203665325057332247202968585394178373131569564542905547668379054536187515741290324557767993795466838254340873047777332765365662401886498543830859520683203754028341839105728212645287457652199078207137836176 781659908160860502755020309060773703409039467469 685275840455615492363921240869545814648892821875 763812280689836206651005329614147481569168438458
39 4622661628723705468652015592898897120466547388883007712085655555632410676078236469278510705229673063540824750446740400392708463407541413789388178202147811319699430629452343778433262555595822107584910302505760548642664836427331176735083345703644601709704757479942577436534895601882836972299838622841675 571015972930164128056239123217614667935936282916 131081182079759116352314333149308672683472852889 788499693486598140461512462001673396622981677216
40 0019389730216585031121226274416641471072309110697982924976810992473502597140773635746244689633635369623612273208401636377555834553276523852305523849016046813797944389154144122934109456096828497018452716153230182956129380392974264111281602835636864967818782438934663466389292453943863251934890465856416 260077175063532708064426318897051000931324898274 624425601421309707889546611603178863572143434306 750483370192871754850048117325331016617266095552
41 3959712167578416071565166065430017377187505453390473499288874015397413636298992889170994320872352480263541113022384054619193132729741045801971210170157375383346741970227263859554617152620714582028442142449289464755838597173940750357005878049888326128783379889257718058309413882338465564865353585061426 232913437884315956429793057881743554674139931513 751411456729802862290385772208139065877093821139 789049408742468981361493725731171149759733091929
42 4035829188883780724676148463733764773540112862123824627007913981121282761700632002967450927541200682417995032833025343423562548151553777704851267803975569063006937326279359225992042569891914769057906193863940502558829448916713401184119533227447026254141256212719924342400269365449466675640646911523180 88620420681270920252050378457359724416779195299 132934003051241019592769059225032940562029830748 739434595046375684946668055504282991766649131799
43 7509894170695985215662116697405587400143454740385002799588093521860703320886733634189929795241413740459969876113950226762649818294633511558404281972196366037013354374978214110849181497202138824252308242128328690338267045163938279072054685583874057809520594426828908001765425471820576193632103996805775 697115880035231903674780448370837033164736492503 299245589730176907641335913017892067432174958788 790399610018693672640601684716697275664428188813
44 7760246783331467858847139573917078172847210954012103087286254157614292910001640406711041903171456509479406083820857079073321928859608483328307849886967964873991245504193992198953498322732245680610790241835388145631363630195773350264344145052314020170580888413206236847641116416182242528576336331777918 544980850899647855753745424986009117577697829283 377383905635390447977452813353302373705798279623 777442999027359396103893752198976560845290117755
45 4745145863694337254672657137371029512967631180350861494017903140995702371132250892751412473418615808027836283896243531553479580564447949252646433348743669660254350831415988826004083680970590744519398615696649228711495293878053141051030731464198402408899946194894142967405924781060380642532158372772641 741050778787868498840451324894575838940208071496 404767788430314358156729908483319084636549295085 762059437911925722354274452734895179556915847672
46 6039897467971878324353073141759154216562361422592480757817420534389434242917675090842321449194548045617689467935652098644172263371254605428421382732905926070929266893131079094241502030823955919743577859377549110256448679038034213042312250334000328925846290361337695769323383563455593787287049171373070 260414256950695931801925835802558199454588696359 523126876596934016853301894446723399338169984883 770843265228711901155051869095599740952948992559
47 6747871604655620630222679044600606197876977939052171919986137513847778315000348382143873069907296974629219710260807347118013265869221195880934121892860887628568773079750514534085052927230402569178763747770390912012297638301276763293631072930615736960918002471182915460896892854683159737733802731555120 305354175269654039010810924549478198976885485529 446766287700621029341785089668831014093112599492 732797490849765668889392784461796850519832836369
48 4314268346382896461597334920626709597465296849994566287244254169821122180898123226176804711726279640087737494493822274627306915533611629793174111493617150103881510669273826895658946781153007962189475166532886557242760215367674512974286553847122419810687140954549780435055751657940708634115934182727376 660787430362787123375942078085231506428165949816 318168324320436369878472518842944364587133464106 790840077682379859212433120304200970797228891043
49 3739209768158402362439421777988878019459414532801353409943707873117977929505763420411971870134254452124128755042114872905548181257087700866279847500328913797907963650027973505063032541582433798961513491830370450027869107091097611531205695174499519161253240841265769972507760795983134642919792457078208 605342971406975967567763604950854602653571360781 731965161599069600893508265935891357228865178787 752456631497535631046317872875874583013231750678
50 7209564676277070916023072454356090360226104034074704735824659199943927743119988939539619007668633654495672356048221143759530066074850072395630623502149574328544450695005198480446069200925978327215589175942933490845210812864884199227671564501328158006480627864674039277120244716157851678722393649433633 245416874316676727645896882528036241913937765772 691376784724481396857978264987773346525382696760 768155047940278505872349559302361114174287704953
51 4381426312514658122326352729298606984650415128439939041553075427415646645137285620200541843323869913356869269802432596758091062654303593405048179450132695671341805320103921163561713878444920763862188606224361042924615056126228781007080193883742385893745797327692573976493613706769370844641123326795785 790620136665955133548915500153832881516794128268 456812571431010203473592151109078320518230745269 747036927838780508976892222681059045985586945648
52 3430918431816063514944999392442372820162571472410765609175786127211285121955542514003206937336304004872779708558113536009181773243072496968574330430746592571168176469111076599828590775179797938154363191196119760883156704291096280023842540699992898093973888631400675696349268851402567050534154677082289 368931378221013736055319996683298136384494212377 249604217528283223029655830400601436542580188625 747765947407830797200187607651070313225859851109
53 2839696237313267157722352707063687282154359999475856008106782272756503738943158483716690162539477163537715612283391317325987358521281408956797682030203153580149510849703606951930381286238972732394277500891591629570471014635518705753694233880081383431391799140150368069222489904496574617691759421530106 496296586651348429335010443808283089503854335951 63833259190659790005578270336286598262298436859 767891200726779387447902031799112015458012197128
54 8879459199731400707928298243635693763370182614967223877844798585334460665833403150931076702446215363241712851514737775853679606719038245884252921632572947624386483437945033266871323904068258086998112621410207243960651154063483052131517358777125519832085368908451187459618292338587562706326062557258347 707261486825416906977664069604453463048918582751 272996562771440014878551620451486929104422154902 782790654216069944310442577222396895875315701076
55 4936445735376085728387834026525620457523343535965956150030638983439023823657650105719812808002038414600407570747374238411162775431105623401196133897625966939066787798354967748655457428853668655778618250714939032184733003267572133392574227782763562670270579353160897625499872963689895426150980111017308 244511197474771625570472970851062862230122959440 460888798593631027837115892311664862290684349959 752746550483707288295500371882347029263856382011
56 5671555949200064369952045924396554862112418064040714206397549642289128994685255335775403994709760739501871584508884842697209251379217650053028629762796835665880904084735083653081369133079382454759043573970117449952127330887420904250137834345985003420971986666299741841196581423940348846103503264445990 310040389416128087057562097151368244575233187608 689251676826311586074299001256336101364853241795 750291868740101089255442689651675172765993550904
57 6418219363036529082475732216966105241060686560264174528690386468285842186321586352848476644617787718207861838907078857508769501508098397757089708357369853003964529570276820990685092131502594598048089966352778610007155765728920715403227656913650431220961722489738445417384690642011097583994825250045975 733636396872449821942046172334884200138274621154 760811171977351396015452514479356896141010721555 772270280620608140730183755781155481374554450285
58 7798013272011102691816303086850639775500889276258746222100152150043487574808355662731183537209064728736306100022260589247886869883224328901872739043644612051242928939397749319551772576587345020627724371271066746409508339701908159996404297172191135248046568983482564039944532748514669393774262144200704 110037760512185452336898969449651259812386280621 671442227833657131801253687606388788010203008932 789875582427576142248401700989994099107113297847
59 1052106937344040579159312312749458015036534084179915397034600461682149677347062511506526018108751342187301447511147620766106727775795656050627281896388332932666709456328588116991616947140276043109918817391394148575227381039207971254414359609901257081564428836233795792124758767510056621413006811985812 348336365702504371787201645983976975463993887228 594776721900242562895674861533045182899594113484 738265575893757293274669619763778256121950104451
60 4293064041626935859364045770215050698437166537796466733229610387045712331764718336258465350836651144655770112730526279263545204740959556443566018299508219375094928806613168595818547932161916359061149208433931627871938798497541263278416595279297179891955696456082638848288048507658702647251365112523015 708247549127905747255052575813727925186804527014 388333755488929324993549589097810454748972714566 768084000295169401057056765360468147284066024987
61 7503565976447674171175527988733690141346520495902428401934806455343902840987401012054094676788685883849566358889303758022097751653468892726036933249817081646406438058319631451803736285647966993202581930218027475990665667878669503851837670062715225449912172563795437771148105165732867692689167723629259 126632953244033748111753794936320754814836782105 760364536024505476951189156700576489408946947172 791622654500336498358935213989530329832505100020
62 6878882526897455313810376435500855515583193141502596876288635784779312555561374307127392533728356505060238073205763875203665199467395408728804983468059174106082382551731295491468098781898681791223948650938564878690611742462638581381416818982520929153525913747844826292351689347631573832468203110780243 650287735020983309730123784660799205857780368259 479727055352969799917592320784171472870616438975 747219300694338589270472713923692196206893183447
63 5111386969237176119912098601938906353718123091455510598934431130485672773709037412600763476462764788044730212120520718520361976063735005475681694849755734833676730010311547095031530729506104774786517036567968875992673294787482366791723438195458386837638800470903423802255824150368481346164981870915964 519765791020770849582034788973365474256809020534 276473291270435653904755224142537434422395272190 761687444649916558295994851947777833860283601657
64 5840163914740098618015018756583345831179206726685224214019545302502380412070930690669438396358605167442514575405738080432042504025471912559673076280311941022636753802105489854610946089113891074604120507525303908097166171851795883416883978868435230495458973774184750887045798282748744350589783477997696 295645338245191878953807873537897564945874040496 257481409612342857880768184603626183862670728488 787366267347442087334141050076230465670097583073
65 3611282606654426067191771272949758646240433266467676825954765491777415787660908292890074515781020705768251103770091468699666005971999132164459573119494494847496706356830616872633243667677853351260094231102819343116019748044597405849875621063404896439214044713638153313100223370927185968250873209152832 29421336121321757287224727472316313855238228260 184675776294328819068406960586605538432841627507 731254071745018598260151637081493801059015324008
66 7035353362619232633672558565381752207253231775717742494030464998934440249646900220067024160134130029524242875482837797365824676837487998513560883904491333968111063198376026559682513391139727819500981491035231384667992602555761345779855048016144368744625927272702306761786370399836124091474537041984637 199095561028483134171791567704597448545064039076 226563474334997953224705022049586121705477884221 778889196885809722084767046726482852694559313866
67 2313911792996114033178687094749932754891604366106702407969868381210019218993546423725343346998856676937582700010785992842911003168705294086653786122253697897540027292045595250161627477392045830570245900368365148935166924108082792376500282791541172875589850080189364260471546367390869012149628038484979 565015770478567777562760133534709502747565448108 82020938275253609749052598239467540793783147620 791006559740153796848682244556225624652397002798
68 6824864445807891896624854005494173397530866049502255669188050423792469375876703211428020435187895921737793438605771950335231457824072153482213590021408463424078270208917183123664499225426994056448918566839581517325935665369240952490241911340250703715365029155391877156607924021317650075883514813766755 748121621352059332350615829079208802164112608240 251354131172976928752741339582731534062543799900 789957379218104814530326634657496744062825084858
69 9753937776703422002055085954778348775988203538829177293331212183157853835353019831269618103406068741680565060603686017966539276223306464600932893640458098228582865007296966425723200957842210852758931564399219550079951359075949263173903032049305072311642731511986648201634902792513389645636370839987860 663799656909754916660956560261726538648724487674 418203806382775513321204839453908564571902742630 765824601022513609413357526650448272590790967349
70 9539146655325406206536156692607672852959900669306165251763722164186146221628742757590061250396287512543118866055112434943485874163052423167098717799063195883715701372578152788959341136299709827616295416763479444371715893938140082133662278920570336532409165200698096873747456106120492679934238055565129 516672967555939174782981695981909667719863331350 561503553487897200840339421195084309620371062365 744695926260681848409161939418913347425908168025
71 4337124707480485591757454699041754957606105536249786940967120992991986088615613583791396970416512065901492343415915457475216805370367644343778106522665163967359816502668581090352775445747711028522624222224156354060740764501751871702912800347182132659252581374296380751082327761445446113747538184462028 164912480820865495762824641840347178639832232909 729334456744605320342640771108692081446456748 774718521753049939984326488243556320268587884682
72 7449140103866944478612983290958738771251177785720463465890910635327033294591856838756722020199443130513498115649540564633591518328486454468100506319485430233165906889007556507868139114204210780393432818878006858086907967204749206097036585558550295682208591913305023263768774947688730916696849689775033 500454364719338744777410483876520501588598206339 105166758160456738415051096195941941727402038377 754891797928213971399845820456592016242633164397
73 9916933776164394273023133327491732144200075595862490005797822892606190280360695100911008739368133140873981495717037489643940480668569241769329326691778059374464624192625322335585033984133658639366631103496263235840809996316598315249583521189043217463662993308316277356483316935115339388167971889955974 274081660756141451008242203781891314903965255674 293225376311184877353429340505139093873663200538 777958886735970216899924871867622260150699229201
74 0608340373986615867068698260714433366824843614190127520566449177449382163864506196255077490858346911701345053861500044448735098579241646701289368676781314256962968962228243952133373810618579290064419239980820822412516973634289675741824839474599095687159805501830911457651591707218543568531717719485633 230864456228080988367321618000722560698831408147 555485476041524611302655986170072053463469881185 792847728062009367530861645353060876449872464614
75 4479387621270694073657368763688881505678508757477834623408955758714164459920368573619790792143526885977751963534623499753712675756805094693848635053113674080985750608905850031891465498926547022556094585295516372705455750570865326020532605277172602277885683391759555669606098378994207998167801603771647 229691437262232308930829517352441088109554200016 595623410885267052358290464369130987029246541082 789362684091124887715178673314238748655140776401
76 0813077697041245871843812744531898820968358915016151940392204713985331491586257232310497968945844959738642040131799544525414830725138053587898315896997665347442331118617823625609576979771135754801712765020437587213112268776986456755244961778322134636092581286985839508960112105432475437855946298489990 772743775177710849032948441949651822705342403099 606753070254189181062940409787974923270906499021 761447177032656665030305673748374440329717560367
77 7684418456641038639898312882304539890907661883217676287246772004021070768645267254111055774473744016834277598900917816160962187200279290551253826997477182076406036790297040593226958554901960901450811044724587509715776378785437466776047409656778453899456435427056828812379347688102132312250090937842778 409037605097883045395638687916773074425759560235 2228862690151720329968976988510776366367556420 766353974282984141379674269378191534810128702232
78 3112475856298199186588644132430956576081053921642053727959099364282660580537905302330434123481469228321362459768565613550443454055681280140513545007310710546071597034933217534809650368656033155214589586400645693901967701188139890651538656538451781493051254133492432452020396488388473435139416535211952 169541205747034619767246045898578816568706778290 542699885451784818332417839804114804486718553067 741386548340177647426578766312780232091265678466
79 4336022582225180946384879008218327286988514407948555753607177621971583570815360172038493186512576146652365896299132122418634334498489398189870910506431104640189909274826092123900281884039188344265827718275093672034009002945266778425226526036141882376098482881308007060895278009571651042153452356239438 458894324299430341167155900881288913342800022138 324583798552364807008546963073783329198133224838 762608850705981123333128639955732394836030628466
80 7781382161227993514653580412691971924543448402847893964607132940938761905782631841298643221136996571623189716574111244855724924097183147534416970125552683722108082004420967465148495155933367819275020497409793478061063748569285689222964871881660425869195719847770080966722975508543514324090334451404680 364854857184256722571531179734219718217224417459 667385842794503853746336975875931542936710450364 786562036339225684979711334191251693066090275073
81 5401077395615560470127628952713506781445227560912991224665070370243135007816178184475748574305036716209768646804300633842106200761803768847746104550119003822161347586865682635211544475828720850801034543996040233140535451227551850066932333822237191796256364556679786869435077935667560065425895842401839 61453402098891967973349075313956010755263728577 411465428790634281297310627514491449829263022510 790552928615633227771702503487497995304601934493
82 2185217994956979708087308903436312233989957293040980045465384452595439380573722596075431747701750833570237889000014305800858564797181481413453520460160979793186914529343740421889661937208428516456123378425617068528447767540749676525106328612345173402868796710836600100000674333282016716392417135766182 248020268880010675246547598115667172493367836398 260110894818696649365705032046430727953600144229 760008830362978314813054371700751396492355139866
83 1588486755445394088083550685436194373191013534257489476687696077624530132576648698448690794489373538991382997017988297856556105500551664699448988375297103576554548485101939438090624904561535452703650512989401250160964284246515572684758556190850212831309737030657729210674258008150089725654813461580865 53780591259252810243339360020068667486237682771 156417011575288138188880583075208846323714009575 737035540583625871886486637174841537291982136063
84 8116868079095492163368030894489095142613795672026938187384522315411077197816806127865037278204151019937806241616852876595542243056622166315302087943111402976247826958869727294918147802666105859990733795570429514077500621431264615440911746452190123227564280526098498145053770729022700760156593785357781 329001888802185091457901107126071030139905156330 434507459736449013786357018853802584857414491084 738732041920966872054968860390869961378285264730
85 0137473216104977549043676801205486334125559658778686250341304606525782115415064597189374957855653305613596495976930197303071360409451251401287750805396154126812245740612199394989042614975659159569870864921213825529661153126186640658892821573214400086370205987162388991654683111156537668959743863602970 243412824559764168739373445429126081726731335904 665267151350851726924320885113326808004959690425 767998278427431450428390492223026199537199729206
86 1658477748299859941307708004763746708443877518697191022832583165444449642829228996292179518165437993206999810639366414141171841930776428484756441449368666164241373698745646272087531184864195989142991013330295420045549988208904264202538838285365326819885980312888811023280782086243983868421663539384099 647192305758564345656427587038228754482009819210 110004010629672912777301993770586527710473895812 760447827457758321947942970174464480965762006297
87 0400306586960313912458344060211135737984781980511165138358177918192146510443733965204138028770280113015242973945715709361807304365730605383031696406028996000226143304114345732877186741569731525359050221840536714646419338912460138965411652859504223909051381195686092214229157996921089053760584996368586 727073818968443633404210285609103293404231285540 625691264291903124200282616627305941868370463019 745663871520864874835238808101269574465683053487
88 0352240043456406821763072475387739821565195724248306373590401151304159328369853013735070221779670375282277167697383818213619266915511244935980832694416582372642123726338907749395218106649780002631117793063224602121971095442738695122643056010867698513211416624869809229112856608683035110562126734921851 186023904323251374216240736368006271814425833347 549914855126505003489878592486121258904783973997 732568509452276937561971872146362849867549112198
89 6885444134772782940671352805098811631442827343093781415770095818142437865247061856947541514171837854159638630920951868201120463027585356458814043993334779002365069428842517347263218110261878244781181802843880942342050316777604161241159105146663365261871096058648433338481451550620799159568860829723643 721327053967805765238993936957921696493235366427 751996059827013895117826988865981079340223670179 773619308837664385219177677742255264001682025910
90 4471759449004232931253888254478565252707154455437813752415172156447573830830763286255481377514722096710963688850140294432575577975377391091378785277580992861553041425903159715955950983461095483844448943360384005743661470165135661249344351913318843556516165980742581659818387276192999556420678860634921 376857987213586862497607083649222856877029967384 352555099837449010564881069421134479208808350483 782242216567504218113512893545966578018008308581
91 5671181076748306690546834186209793551631733636152633379651390267795470816617448313960704941389564270618552140696995364073157223176150527537190697993770295180066983748954237918317351731095366045998303433515019936449377166169686294430145032213930929143494898630733910595801262005912722856506055768944749 186906249525172278659756988300847883465177908521 142595074179982184962316204513692581406918681719 790340678039219684098804223910955421069068748403
92 0586926239282648538198151270687231667488318420348618208587625916078615438168604722005200819059668257769081353323762485511491197352623637316284914918739965543286644934614554154987092043729547782826199215139759716917456553545129017560564766237605839810602767051970892183261112186105563011665292115040231 332232116442489451894594243761529919835944073954 216897208393107854716496104947626350368389733346 761567321178413874099735615461744541150993915298
93 9765619549331520123872812613395109883218679126270361467245054241515412009785434806877747319334411302796818586180264204306846531256128060129148111422843442067166073807312162638975152957129927822169547282524099046194922779648989786934013182220253021130383091439382498189831082684542055318454053566087053 242895553275117063420740648243460038667156170749 508171220767245597523677476136614796153956529730 752371990871106006088834303485743873688362750453
94 2299585780561834353713263521914109483489970853822313729264507200406235891672112534012158327357896359596929820072109918047637125102971939343138045298029756557350013122687924035989373842325189469264606076262674450615917489856568249001603230275033955892197035631107732275075279106670888989042820610175691 493236955283565303298700211332848133895788072448 618635084913902669548460489583687816232951898839 732512959582497940286512998098248101978221710751
95 2074778827966229313917080441106045876191240527538770705484353059941029508676878066210163093094177209343514500727938438698991276569234429417873213896862560491040154577987278468490781417127941736677960087256773066363454576934377188475119754795447591549234524029757755920674925261869808331519772249646082 270379331364375176931919060024728774220056156233 792267305563651667141736856068476572265334106119 763617532548727100797599226493843902747911848005
96 8909615898585023122707134535775875934187333674075805226961808759752695567848967850170285073292042034984904593884028144549736568999107766668611261712682512517583656141716780224596063663754713316758250664476939817321947276582770143899800324897327540770898340080213972683331601210579098386702906058983732 530168081955041817503296493746837371683971721110 657579189872860186084129731811286145164469497558 735639431999566590132447357632110998120138172960
97 3433786365616922696283996619595116030640207148240350444473112566627700020664804873104161023120732694215987024429500982204222328327652670180987390333308395180787808122404651372263102182697199219566850188878620863640956717148836043952358907518407787296669240201020973894986734369986387200321324733849893 126560750159935332083886754957060938796273173344 92578535302612318429424011015640851862038041123 768187709464409640180002875953445508948141989877
98 3364865259864707910833948752596311966651941319934663497969889579334632842244187157355837095134749336788238453359794670017543867048433862220145776636389510229555271209712059222753651683357003192462821463435344244948076988619995985224513522252946960190312383670527470720180496884725324483762821267782457 363026173190436716123038800740498192336830713051 639370152701535550841731935857301455523085766928 775940800525728684074912225013912216230321245408
99 1997328802965579937349602571526688285448359707153672332142188249606491682404927002867347129250925743033571614892843086736220549532824482245515162459575628317356576433782451893769658931309823494018019442638118467538726196946439136666194236455308206182798974838625371912142057411091954610034581092424843 277321258682496621056475652346349064961985760163 187032715040760917935065785841358416986075257139 765152944768254866019200554114152578754360696409
100 6651013976820245799461332300104727781658901329836470493666930124247304471825869781287558171288130303868275653550265622584806942112384766845948481460686873368779141260702834136834806845368219505581370402595451029614128336784494053059091506421548528571578985670822518984785186945653521824382538971714859 555976668164885564071811409238093503067600554185 427538355771858794040920791589193785523092483459 770381883819656723803435499989432210983104085037
101 3465278451564116406963214386909626965176530955444555612263956560367472930825994133279389868221712525596714447936078742555678519984168634899679546034941795359235044594502679489094428398003650673715394608063589150705321401113263001237965224979616831329471016637405833033879775086004969881017739367172357 146944641061745144512829292382622616803402097629 244005318600867731368466975332331057919129475119 733570554064107738041428527212717912863044365088
102 1998552391699032773322500389045795897589373751671221052522327266566799741067313890852235237629696949837910510167542191437129730012242250082732810116075263423885586132287851729674567080184286827596686334362944951652351778105851584954455667967480495105044332609173533850779715304561751180570709462915588 180827479972145571927904858674445396299758256235 385243424740482708067055044461401771145569635150 736552825752529761880030434247840618879963149506
103 8424159355750294465200141634653629595648062545168304323714082507981327570298519466139390382829342648286255281335169691146763182003139109276628319975361838589340573722938556219411801070971467320680877248223310811716299977441363067493409884533624476151401771323060121246559000021312462532156375976012889 263441914244423844913034751247680318264195982456 733801425425238269155267779538200873183172247077 750063410247750701226391576844581781991386615526
104 9879518868271270053226644701501445666574165546352897396136896034332456276793824865219512276550694227973504525377335335410018343497150601231581605163357807796030133914215948507189405347754102431333294224307988448058603443831426354080613449767412809836662023091159438986302057493064905695322100944100881 307557493259439558301453618011418832747359113804 165873570561017441359995119682882207189987738828 790081826811176265494599403938247959938402069815
105 6590448092454440804380355430691780245887447331169655037643496329970508350510832823266077516398549024027252831476179570284831740796424459054263738328861564282409128862009838856211642016504420940401491472335140203929959789716207056738426619731035349099683849157979140651305231596207531927629281560985409 541691941007926638732078148960055078366572468346 743907446606292496396365245838515515238386515463 777045784851603852434924351436995170026755595877
106 5859162697136808638523746260378322593718215362595934981850804437065610373130762128861161222472283068764654702932967718623869811848037904004250173848817500680149295154571544906739575438843759201059768698450155136057953473926751987673841857343887071384528132050688207545963947042527743051277005500800034 664695113420266227759404972425225676186091616530 285367224728774610762970464265313225022144780225 789516596333351844126578908350418091474560278926
107 7453407731239926107009780978976568464645118543210228230184180411554005316530123791881872796010907586961706210923962845643436082901396615573859776024127357651641161121408386227418041192658069884153135572560675605334383359606434338680936801992654501618984210515220878258927739402605138173689378495439882 589777828031560548399337611959182887904316045044 388595458203108768704780362763082111179201042445 792352381305025696454989836774330157716498151980
108 6334505130237817134537838177298225002457683258351748635436472892002953532225149673465707101791737982333112053695500800906155481120903127229453574875738260898848462865487124840467030658838922281519902286265898243280395485617553377553588511330968098942052219784016980484584086758016298661713492166785281 372602547473405322859933484756290612126883844411 298446400699241555922210750167421419217716820011 780662082533725304053424492688848435406651831793
109 0881627221362655783695906765766562133977547654666872297387117892509627354843091718978115286616693763503651502082276620399737086404525531524585872226445513595586639011125742674065685113136755825418054891904071148523128156593189322562256737741978761714744314258508954861585177075599794742186577449051053 262108008093683329673026981339184404527311816994 314526613223670207658348388976372093969150014989 730847938954078874859533694252366137079465731292
110 4911862051127054958470628380503666187790867450124353643902259420369815674837297201156349951470716374322281150155093344096089360614157857184493041542026949904729586881058066055099432015052949987228043568185949759613650836041037044729341759660848844557188907311279099471511187477147909938375130051474263 287486175127355439981750822347455172972826069087 170231823998797456531492221055221589482507367311 732887537390104058466219400601473240136064924827
111 8980724066179527058573022607254619640219840864981936053956544867804645199479782489106940903460829546766556879593435680325901940260429387078751061928448966036533824236344475396234888579547768713840632181464865311472139941893903633425520796214872346726143916179247914575449220058434819270745709670516708 170423135125985175012840005209094681044913047300 290571951918945083775286220217060996805025412857 774908673284970230905230154007639305673261235771
112 6562190396171498448811235960483424981164919655181114895339447687136508888262782589356109626115418517070512490517541170117658858619898243876604625198980833810346207724306865727645399856926107732748661063319789553975955853858180062674374885124335322596810138441319229018259191636370186281463012348589545 133073485804646444605349729031641282198293210030 536713334165380201192011934143597392789448089711 776677166393187934556372974565046242164153281200
113 4307497918959658533676193912462299932552187431219504757352260193796327519432651997098489400001723774784300516877413719043883284446032114785947208208619428653419719531461838099226493102323779371430167929472893801211273628730246914052560394051089478677873122540686056192804518938068924381830767908048245 650201169555470392729364812432122029093326460229 527301258712683943081193716534404335578267985608 789474154702445279114412592620838368593470696063
114 9755288732436259675603842156169728487874434461795462548017974495225592698167278624001451042710706996242111644128433148721272282450345437990136240431705719243215935862707495269667814905116966530286520659900657533143025502943890120588272260221418973554605805931435254378133998131172966854359276891386352 655259419751415792304939519277725207544921477286 270571743708916899045132250380554489551038574721 763203881449782081425520606230204652533901019678
115 3897315542343821983749020191541888460802626538403415885188607779752943403794803734322834701869446847296113793027576265066270299372499964922130043204238605088955482372010755039210401862297756796249883828198280377428882089794618228657070538463045929079729824386588749065765863565572574985552170471152211 751196023393245521037621341177156219240768964870 433359144760723907595319055034868837988908133121 741258262268521380020178301770603917811587197935
116 1699323484324602619604133711527241683258737069132694933713433128857177431191189016979028097531097764169508956074046933803405383833695247037608516873790060989027115570566363549808788404922469324028695314240243656805091352982832957880071462709346327117621900560806016807833063911343348914824912179226382 711878544334935658607678130318440787481572686945 634201689217093132503446858992700788125956984994 784645909637003898114278726638749797166646927163
117 3213341084292567968857037210205414259155565478377674047142332044198059126941827456888391009141739266376930576302989458896677859257605507421753897147802040276731076194258016539433450981568714517401803968780116122528788468709710131821248355518762593372449854570043598821753918072304105084739957149280352 294892681546285950123544140302947279205156675881 722946627240254369213598551213121805208887625878 751557950199711998485851937044678244765241276010
118 0146175859755367808973160023635482231907416299991009415922100137252449743996669584158189142136154372755000157820592052502478400231152724279247605857589188511307371072554873024076024274268251155025507382441960430894601559306793072336027102372342500666648717948039230673978555898509025084274463844592482 562956804225325028568600299673826920968015468655 694565607029099800369165603468518011678356680058 766099442466590750967184028801924006430346453233
119 8333922648344706246400280000808212506741845722849835398711275763823425678008283056902118923604046325654460520662669984151631004836955515899117251113265573021674816773341001449454114821628056604799556831151383860315269362418915748208227162513622935559793471778062571560484897434242588018648970682700596 73362846019792695320998511638235885889594624635 777049177666656192165558089901988537199165313800 752647175044555988813611877974125238299849609450
120 4528247079238005969644079971503602912561043310320488974739435890163220383113002940217993598962516890659881386345789722808124762595475427871830815411398809397591103236119355100796753798198019269474335588553429663779202293359422946356534253816049844462885525152636765996437396885476920943503015619505356 49002448969951993370918510649646172383322025227 696453233910324447210728338881819770004313151218 745975132397362049149319689950854377098609202165
121 9970756635605287560673254523603540839565473522770213501747161668557826111487907422801398815111654632893457278485012633674577199711749437633725356691456753595573843731160094761719254223111334860533315001031861401483313418349952375476424789343749486691788566149903928938555611774263175744851601416449483 321491307013922505536817398291863179770587586456 536951536360566535025019704482141067419286257528 779512430731876411960074982359504564850356810116
122 2945398425493128607307538137932449243535686263201398484256702373915497556952207420772178245531996788655787001022197785141102678621304508257898489604254287833239811253231316278984281972067830045970862735588156397537342731384559448783511750831290184981993834915217272126950147035121525414568055702108512 161099926874730333935630620323617462421886587636 686229767479488445695110952300516928194262230431 744297220858052770265784924363703695480994959661
123 2925116908853443020102816432448230295288298298830789595222321820084938577949378639238897234453076136830129902588694508925331399761642643298165616939701254315355097362555643345964960041088943992821076812480284861937071762354034236656174456734957862694100060647293611466771123689309442539179021038799708 454995126478205981133316743748045653311070587481 483213772584366599500757326302002291168894886970 739748738524223530244462588036176586742960546390
124 4488145704055577301334271875956686813103376337971862283314523812327666886365977218615785986282748791788059747968340647844825186223527675120046861418411604988356869147026753021142221040490582978102778876399387476850755046117564789857711601231350802329250121739793185707627282779610371067470781207615408 129541302953074037766481562130126432788300795642 168086794252099922482967873091185471549228637065 788979723457577660010522957836028334194977289443
125 5108294261705371407875608740417059379207943886952953014524815764426030017724252690575252677137677776809449294364508454460589246022830818420046018274877789958840616133873188165788062972839221805728070239557332965119692915905420979744325351701784213651724066547605883774681050837349424609111853044221211 379717466839371528139161222246962978035132010969 171594033500896542944478124258830116208814903160 782814349834296459367311192820735863235122278150
126 4524011147864612305736879734275615836218869301475469774550088750885034019720572373017886586460028425911581248385969834144538790196532932205984206652227111179736569215384590730902199154556741573887517805609915018460395088460561842976634589853137683175385671040742701696407817492829488326367585804274694 189676859510637929611862785370632580304035253468 756728679861853675016017587579994274547672015912 788450681528638353490584400527609924816903922425
127 3979158490999500100517909630955982767707151570538626261821982675554971047595290839592449459079303736036579341796647177650496192730548461682887842897170314689272687562603250783862569479176293284098093204586258373423139402053709884808927943785772277228184076448133822716045587309026754747870726228088123 180784241877470435032215215108005268707828325261 779866779241730324142823448644909802613409348017 732947801843896839715555295403193749703875291598
128 0007401876575877175582255436044999856874794629201767256162889347760481177213393480082812995674197455537257916397677290589303065517211140999852869168066096372831449180985345801003558158322533261505205546945451818423431365960679706816496026312081069714583036657899336693204967842302123965028935267113317 454115921956758308268967301674320627138600462524 507079452743568233705615116501958404780438593448 786074086335876638391355326022585412328801452569
129 9375802828003477867172196325078861159631771214169126756057202795118455126252654339242361567054764119714221702318700265153145072868970235754093626335068583520456338946426970679349908391481289610921704116948781244160093481092437314740262589082080888902600333801655697547902832858780224192494040033977749 24989947610477992468294103095431947518160003325 89514519783645616196511078117961044132024089744 759418641606153306598670195172706621562053998884
130 5120869430034651012856956744046718913253415897672051043292046310970256798270567268291910052150802879177535516167973282713239901138918948776665275340899236734977051930176063896114419300242194267102565636230597529763191225705672921864012223197801620820004680121667306365646328321568673583786866287138318 675361926901893360192897709222139291864833724939 780292615012532411566027979732984582721601752859 747879124468575732518759300195686921533867388716
131 4127761664270979660000523992714052406228857853496492770348039050549457242128839530575632653027958618381991150711182559397670645147708930192503707876580484971068173331835948132807313717312663812512353373605063223831613020029726701639800084320576260312135575792772545553047837050165640120040330236673820 454478478214254707180476193438370998990416515324 168657135062399110540462203391703500826072528100 785392152005966820744845224237742251050248235137
132 3060776677620129232675448962205997272544762284408336893996309942188092340301619478295534332847197238360134966500402036474871993493576936289525674763510748834433634343229615743538153139120835458131921021743835515242831168976356441069987405336997530214537877216048877043249128834918420340385081658621331 603103276562404428097356080442053223430590422537 232369822237596490569805743615560541405785336937 769455175582838462140580835211952063993846797428
133 6890416286588814285033177715049399604521037913847414300881687971178168998799184805958099197974767619109793661078376606792234105009467940257167534909481470385083576108828138019355773154081589203044600155588960564401644655884462890938773693065310249445143465558563100569511928564633109645966653815910375 705132732721290254585000310290399218841050051556 117004664168340655241094285982982706574009617175 791807014305363627095898485864477865716874511197
134 6060167649049598083352570585471001133148500968315227309637752670458295643448683971472057720098037299083415775449918441543624185076986850579542548933308511217687617853596116406383490692854366808368742652445690940699860927932346471062251165328683890803125150135209758463566270801510174183562137895871111 153740173722714468085734165584309629661692402555 348274691155959464389602877727874820973012654558 749383940622829362310963892246245248743266079453
135 2463078471801193068487196326066787065308743255876537874792958482196579692461615645326854078546953234457152514465815156174780493628692423733552031936509341418702754754916153973414567911325762560810681708581700972495049116484304978487174621254437742940783231644410027255795207042143994852943260549836623 454110912151821536403570717831633017721943748667 454537719551863670917802947281472963736101532836 787088538604810807720887303295668259142824751714
136 2313863261753231754882255173963365559912240510592374762627348840855404640382006225975528220636874820390920342927759370806528257564726498140861103642906452549323664549997630405145523521910707075941790821501256815686672848302912195721220500950074555603008477752508055857532582951371704571825539255578120 163964529657296194111107693553939953547174535205 550830840939207809754086968785215940698037281194 753498002445069709749964608103720825652274991143
137 4476328704792048571283203318144250675542567110391163513445616976757468283132080588863489635567436128568184878379867585926283335692217315915774363961516211525650330797587537623568571684562632164574974178481967487549440042435725739707430674607766702412298729696089459397910261701411685700240716652041403 144269322500647630526036313526958350197111885455 51879403577318120527619641326003568695281825465 769476624768025287228951170473318212664467814317
138 5160751202655189578968125613844726197802979636921471888984889781414103342504674773739657512431389053736710957239453075916785211433731637388591831651558310947369507054987992959299453394289209452225858688058965382753656267091218680253475160392303182134229224084847785449620563103734953043126970349598200 752728520560477843474927695432048247284646922167 338427990508834453955998833658116167551333570527 732733031444623727948207386920627564324675075085
139 4683341079190349046927351786054425170559095847708426808909687465475468048274028399280058782077902633969117422916876531976078053028591960899033587609849072637988148984379285398625422511832720251857084488463074920560258788760711643351021631042973686988320030783646559796346282014406999761945312750551219 58800626056794578975781624975741487164212523451 759696266868950287777895109785409035871430657408 790012923021955016005854151820555881600957887548
140 4965203342679403235526906755447345325955575310458677597785939694998615399389377680969025501651999060672661637075651594734184651943837039879893098965388654680569076822904924130016218495686855736730808487256362545488246341055217095465685476655652551441227082234158310473776005489091864265137736932476885 82472878347837110498767159755782446863442512470 42253361072333950751665283570356313597855935157 776863695858824040223174855767079007721809138897
141 8607116296497619130272089221491884258998815618350054334070763692488192430117304116016657429972288890079826897268522215144775880436979515345531843393816767156073659241017821341992711165909221396456622569501066493535866295350099640428839731128078364836966243708565287560483640419745731151429426135708147 350951894476412708180273096724915022152756908518 771562474660486731121499650915456781784332083368 750534118798735253584321730769716554998410461491
142 1566389566470856715682372699569588153332625588604432271036134770182081780190373360491652770345323282277870589971309557859885012051928146245928547496113311090170361612369221496255494491837517021640286209887236251128845147463881627243757049390375848023592440447990848607428163126564269445229274124530008 17228373140503868127778708517533362597614279626 319730333791812115905589907736105457236024196299 754658493560414803880903813728097635629102257873
143 3098058926832284264776429313638126640326626540438085915116529663461523226179297306134199806202568433776841456746237813250367480827833493431934205658548795600653941230824161542728522487659072472929878227137974993106313105385360190208534470049754420877610062114232043829807850794813306751844009879916411 116848590495705400763800860865292082600707359489 416515794875097417906639068558339846609251325419 791690167314278307296895131150358861436998692637
144 4632915565339055653737850335828170991961416819124688857678894242381736265495989836544811823786425081882807358662228000348207341492228008936698541915870590065290077372703146179453207737575372721502063534524776489065964237744707399769619130559923744640462443976921409029683413872087334866802072952792069 333510299248899571013732855756634753698684926816 466144843436526282714877699180480075623800829697 768468232534467986572760403125383428858149370081
145 1086583132075786961250873044022826402705659417497338790568669228455527166786064631631562845547028798191968931142989010478806940043030462698619524975261332573548229845658162440071243424912986030873624090682612976577571383131046402560988900508573982839876202212244867207854671700668758231568760286965570 474818871712687527407517206110982401126373234655 190476418149430429865980929970039389149009588796 742814464716059017200347617882612424214245574129
146 1906561383045647183193164753649583870241629711965832535099461620879019197500493722059618065322568223454077733115503327205086578937130185126322162797026122738106641576931841404465775987172250370004757596978813826753722589574480742511595879280845976488530736858883294761565900892052984282929259608478832 740349505367556519891805987977773975433160592778 142935966101652474321456258156040925004734834503 738101027008303105512295676052888323556844690982
147 1418443403035838007002991688113207464838574375806411575375156551757958250470403398156990219465843466248515489344384192698996018920168583164385033505521300787777712278853356131968126635380325178794713484231638107984071379134332911476284197311195403742794385840986654223520808745955590607338670800649774 768116510399268329224986082837249563973183906935 454124958271406764205436050809910435830305772381 758570762582538500239099287102561892897836694947
148 8507243769758119382268083130305496658029016334879951473498467927790246882830075262047047211900017720070258542395150026902759805691604318722972080841931383355479896873962691576089603647591626566127577097743099059602689532552414067118225197451340401989866219686404731711345831463136883003273167513023546 542101504415807693347495913093295138251451823993 105070173434778935926914052148786349339376962805 768267333510368213778342489767839226004773042066
149 8330723203402860352998523632075440185033046377563734914225412663149018895515848875649664551181130265012000180021424068232872358671358144648189286536383446275634891198679654194271492123993657710217209081289294449894292034674228489534325901288451363946062521787098320638534939334425160344201233581949028 233792430387173930712242289463914797933745146933 433961132009004532503726613788669972371555328663 792211315718357762633442109383005609771023316492
