0 8825803 526 479 546
1 3202051 81 77 558
2 0357895 488 394 540
3 7630832 194 111 567
4 1558821 84 285 549
5 6404197 539 445 586
6 7536933 519 109 578
7 2075466 68 492 556
8 2345088 28 495 560
9 8956125 168 318 541
10 6404570 566 356 568
11 6842202 348 0 580
12 3798258 69 468 565
13 0324632 29 213 522
14 3020703 539 565 586
15 4894693 488 301 540
16 1152427 563 570 566
17 0536546 349 78 539
18 8663919 53 328 523
19 6845662 488 304 540
20 4110455 40 403 528
21 5322843 519 530 578
22 3218597 76 533 537
23 7850426 563 38 566
24 7554330 13 512 584
25 2703040 456 143 529
26 5090419 154 9 561
27 2569010 40 109 528
28 3338307 316 179 583
29 0896725 526 174 546
30 5554586 56 31 563
31 0903393 68 471 556
32 6865987 486 459 536
33 5653148 40 259 528
34 8787852 456 316 529
35 8591402 53 470 523
36 6249934 546 276 577
37 6046121 29 309 522
38 3216584 563 21 566
39 6916130 68 151 556
40 1643184 66 59 575
41 5502915 107 162 564
42 2916435 118 533 571
43 4847630 328 546 555
44 8983410 417 477 581
45 8529462 519 254 578
46 7858060 118 376 571
47 0031493 118 548 571
48 8715765 40 540 582
49 4621883 125 83 545
50 7846781 1 570 534
51 4423674 328 79 555
52 7009311 179 20 520
53 3047883 65 305 532
54 7629429 43 349 574
55 8507474 557 227 542
56 2389355 65 404 532
57 3852661 353 575 521
58 6262545 66 363 575
59 8451928 463 554 547
60 8012697 419 492 579
61 3750224 40 312 528
62 3885129 168 209 541
63 5471857 194 162 567
64 7158918 321 515 513
65 4442704 410 101 533
66 6852059 79 134 544
67 4548218 79 303 544
68 1485937 488 548 554
69 8888182 349 358 539
70 3073535 13 425 584
71 7424095 179 519 520
72 5129447 28 303 560
73 8863799 321 536 513
74 3544813 56 66 563
75 4296683 53 492 523
76 5569814 40 545 582
77 0369873 488 550 540
78 5976534 56 117 563
79 5679349 84 260 549
80 9917617 65 516 532
81 1292696 417 464 581
82 4609558 76 552 537
83 6563705 168 174 541
84 0438306 557 149 542
85 9984720 154 541 561
86 9406832 280 482 516
87 5925190 557 243 542
88 8708489 488 500 554
89 5761489 92 426 538
90 4002418 353 64 521
91 6675111 81 203 558
92 9785418 275 583 548
93 5460758 325 357 530
94 1137748 40 521 528
95 2179394 76 441 537
96 7761510 53 513 523
97 6532814 13 34 584
98 7883132 321 448 513
99 7955364 38 131 519
